0 0.11538461538461539 0.42247596153846156 0.03365384615384615 0.013221153846153846
0 0.22295673076923078 0.8100961538461539 0.13822115384615385 0.09615384615384616
0 0.6736778846153846 0.3395432692307692 0.015625 0.010817307692307692
0 0.8118990384615384 0.4326923076923077 0.046875 0.019230769230769232
1 0.025841346153846152 0.4110576923076923 0.051682692307692304 0.16826923076923078
1 0.4050480769230769 0.6105769230769231 0.71875 0.5625
1 0.203125 0.38341346153846156 0.25240384615384615 0.14182692307692307
1 0.49038461538461536 0.3173076923076923 0.09134615384615384 0.02403846153846154
1 0.5793269230769231 0.31850961538461536 0.08173076923076923 0.03125
1 0.6887019230769231 0.32992788461538464 0.06971153846153846 0.04927884615384615
1 0.8269230769230769 0.38882211538461536 0.15865384615384615 0.14302884615384615